5 0.0
10 1.868e-06
15 4.816e-06
20 0.128090135
25 0.194017641
30 0.193904216
35 0.053225288
40 2.828e-06
45 0.004910524
50 0.151706194
55 0.193581439
60 0.210757704
65 1.123499293
70 1.197547113
75 0.01589418
80 4.16e-06
85 5.268e-06
90 3.083e-06
95 2.962e-06
100 3.725e-06
105 4.81e-06
110 6.147e-06
115 6.356e-06
120 7.183e-06
125 4.114e-06
130 2.761e-06
135 5.2e-06
140 3.636e-06
145 6.826e-06
150 1.545e-06
155 4.628e-06
160 3.604e-06
165 5.519e-06
170 4.733e-06
175 6.993e-06
180 3.784e-06
185 7.254e-06
190 8.688e-06
195 5.713e-06
200 4.605e-06
205 5.646e-06
210 1.158e-06
215 3.86e-06
220 2.836e-06
225 5.262e-06
230 5.246e-06
235 7.249e-06
240 2.374e-06
245 5.844e-06
250 6.18e-06
255 5.643e-06
260 6.229e-06
265 4.339e-06
270 1.735e-06
275 1.614e-06
280 3.868e-06
285 4.494e-06
290 7.318e-06
295 4.723e-06
300 4.234e-06